712
401 101
270 394
265
823
4
516
553 263
247
595 585
494 537
896
638
182 937
414 705
735 458
44 200
153 885
861 344
88 91
12 40
162 169
287
573 622
543 392
670 105
528 763
617 856
118 615
701 726
81
751 402
313
651 65
580 816
231 770
993 740
8 744
666 633
765 956
817 195
117 185
953 134
587 598
295 175
34
26 461
920 474
339 155
183 262
383 327
470 471
675 518
94 894
347
51 15
525 662
510 607
172 838
128 71
371 490
31 438
482 138
244 952
513 813
984 199
628 385
769 967
485
921
11
204 511
236 455
408 409
415 413
436
689 973
114 619
808 137
982 67
991 620
881 304
452 858
368 544
286
388 841
103
985 696
27 721
872 32
405 373
469 795
250 478
92
514
222
869
424 444
874
460
224 246
484 487
503 810
300
337 343
527 542
176
614
7
582 949
665 386
52 988
311
243 846
157 188
242 249
977 99
345 30
868 897
350 18
588
336 290
997
384 432
710 709
903 259
76 758
321 330
521 837
806 824
674 49
643 571
524 256
283
746
158 269
624 566
428 871
927 601
266 930
918 911
150 840
113
800 562
608 717
372 661
998
947 891
48
960 714
23
567
596
171 163
586 635
664 534
929 522
924
889
338 375
168 280
10 686
737 151
533
728
928 981
227 547
963
581 847
298
754
563 102
584
684 36
759 116
472
223 529
275
915 144
757
285 129
325
644
309
698 637
668 631
577 59
604
731 961
773 828
119 131
80 297
407 853
481 475
115 93
783 180
942
228
87
676 673
352
761
22
775
441
403 418
774 965
697 825
788 548
572 612
454 307
16
695 146
355 252
815
72 133
125
951
570
241
678
747
292
648
702
348
382 857
877
532
630 632
834 818
462
707
557
509
681 124
833 583
711 353
862 794
45
974 417
708
273 459
301
68 64
20 995
657 753
779
143 545
191 659
312
803
579 288
219
955
399 419
796 814
936
551
493
826
100
74
78
811
488
517 198
416
888
706
234 238
912 832
318 410
63
505
302
367
96 95
852
878
226 465
541
421
55 882
109
820
476 69
14
715 876
688
907
663
480
745
451
61 590
364
743
173 6
495 492
950
397
623
502
468
160 501
264 752
47 996
217
147 156
434 437
5
652
645
983
845
712
908
391
19
443 625
552 466
328
867
605
964
699 152
600 603
559
479
938
240
420
576
793 0
62
86 589
849
627
723
499
805 609
216
716 703
892 306
450
281
289 341
556
923
130 932
139
760 653
756
423
277
634 979
780
835 801
110
641
992
363 999
958 123
229
197
447 873
836
945 980
365 879
358
233
427 445
546
919 271
196
254
718
211
736
316
776
671
934 789
994
193
82 85
422 376
299
677
435
268
2 464
972
329
504
798 578
739
148
245
210
508
539
406
446
89
700 618
941 237
126 957
272
943 165
381
848
111
899
239
561
70
248 257
202
498 535
322 324
209
720 335
214 215
875
449 496
784
654
781 910
9
60
555
433
41
296
166
253 749
457
886
831
990 331
477
149
802
575
38
208
636 660
90
314
127
359 366
962
54 53
378
989
799
167
326
667
46 218
98
140
839
178
279
898 291
3
387
332
778
361
762 782
507
398 207
497
230
606
13
905
463
727
613
704
174
201
121
725
887
724
189
792
467
194
179
225
393
859
939
523 558
902 750
83
860
866 426
658
830
594
411
448
396
680
29
719
440
389
913
320
108 797
969
844
564 568
926
37 57
880
922
729
812
629
626
893
491
669
865
260
24
755
184
565
732
722
978
971
616
75
50
520
177
610
294
909 946
187
550
429
28
1
192
642
154
483
935
456
39
404
370
159
954
986
530
400
293
900
771
560
809
380
255
855
968 395
850
890
640
821
278
764
251
360
473
787
145
768
97 104
486
369
975
531
161 206
854
679
819
346
777
221 916
549
35
895
944
569
515
959
526
554
694
258
107
340
500
906
349
319
333
430
925
181
730
58 66
267
692
687
870
213
621
656
342
741
611
377
655
933
683 685
884 883
261
303
334
506
132
276
42
284
536
682
170
439
901 940
785
122
141
646
84 79
310 904
21
203
597
738
786
864
733
362
142
822
742
790
442
842
592
43
512 190
804
829
73
931
574
807
205
827
519
235
120
948
390 599
25
602
220
540
791
106
647
538
863
232
649
489
323
305
917
976
690
987
56
412
425
374
672